  X (m)   Y (m)   Z (m)
-0.6212  0.5952 -5.1655
-0.6176  0.4116 -5.1655
-0.6139  0.2280 -5.1655
-0.6129  0.0455 -5.1655
-0.6115 -0.1381 -5.1655
-0.6101 -0.3217 -5.1655
-0.6088 -0.5052 -5.1655
-0.4315  0.5932 -5.1655
-0.4287  0.4097 -5.1655
-0.4259  0.2262 -5.1655
-0.4287  0.0438 -5.1655
-0.4276 -0.1371 -5.1655
-0.4262 -0.3207 -5.1655
-0.4248 -0.5043 -5.1655
-0.2419  0.5913 -5.1655
-0.2394  0.4077 -5.1655
-0.2409  0.2245 -5.1655
-0.2446  0.0417 -5.1655
-0.2434 -0.1387 -5.1655
-0.2423 -0.3196 -5.1655
-0.2409 -0.5033 -5.1655
-0.0550  0.5909 -5.1655
-0.0538  0.4080 -5.1655
-0.0561  0.2232 -5.1655
-0.0601  0.0398 -5.1655
-0.0592 -0.1408 -5.1655
-0.0581 -0.3213 -5.1655
-0.0570 -0.5022 -5.1655
 0.1296  0.5918 -5.1655
 0.1304  0.4088 -5.1655
 0.1280  0.2244 -5.1655
 0.1248  0.0385 -5.1655
 0.1251 -0.1425 -5.1655
 0.1265 -0.3221 -5.1655
 0.1279 -0.5018 -5.1655
 0.3142  0.5926 -5.1655
 0.3143  0.4095 -5.1655
 0.3121  0.2256 -5.1655
 0.3102  0.0406 -5.1655
 0.3104 -0.1416 -5.1655
 0.3117 -0.3215 -5.1655
 0.3130 -0.5012 -5.1655
 0.4988  0.5935 -5.1655
 0.4981  0.4102 -5.1655
 0.4968  0.2261 -5.1655
 0.4964  0.0433 -5.1655
 0.4960 -0.1405 -5.1655
 0.4972 -0.3204 -5.1655
 0.4965 -0.5025 -5.1655
 0.6834  0.5942 -5.1655
 0.6839  0.4100 -5.1655
 0.6828  0.2253 -5.1655
 0.6817  0.0433 -5.1655
 0.6821 -0.1381 -5.1655
 0.6822 -0.3198 -5.1655
 0.6795 -0.5044 -5.1655
 0.8675  0.5929 -5.1655
 0.8691  0.4088 -5.1655
 0.8681  0.2250 -5.1655
 0.8665  0.0416 -5.1655
 0.8671 -0.1393 -5.1655
 0.8662 -0.3214 -5.1655
 0.8637 -0.5055 -5.1655
